000
000
000
010
000
030
000
040
000
050
060
00e
070
002
080
006
0a0
00a
0b0
00e
000
0d0
0bf
0e0
0ce
0f0
179
000
100
020
020
006
040
19a
050
4ce
060
7a2
070
006
100
090
16a
0a0
188
0c0
1a9
0d0
100
0e0
0f0
00e
000
272
010
176
030
58a
040
00e
200
060
269
070
275
080
286
090
200
0b0
0b0
006
0d0
dda
0e0
efe
0f0
aa2
000
006
300
020
300
030
300
050
300
060
300
070
080
00e
090
002
0a0
006
0c0
00a
0d0
00e
